23 181
23 120
23 191
23 861
23 200
23 52
23 256
23 202
23 1077
23 335
23 54
23 1280
23 159
23 236
23 21
23 166
23 68
23 102
23 228
23 852
23 1078
23 167
23 382
23 265
23 858
26 868
26 74
26 675
26 281
26 134
26 85
26 212
26 725
26 722
26 438
26 976
26 11
26 366
26 118
26 94
26 1244
26 5
26 206
8 1286
8 96
8 61
8 1196
8 14
8 1161
8 826
8 187
8 1234
8 266
8 1291
8 150
3 1262
3 1231
3 996
3 1127
3 123
3 1134
3 999
3 20
3 1108
5 868
5 74
5 675
5 281
5 134
5 85
5 212
5 725
5 722
5 438
5 976
5 11
5 366
5 118
5 94
5 1244
5 206
29 288
29 39
4 64
4 883
4 115
4 831
11 868
11 74
11 675
11 281
11 134
11 85
11 212
11 725
11 722
11 438
11 976
11 366
11 118
11 94
11 1244
11 206
13 390
13 612
13 310
13 697
13 182
13 57
13 451
13 610
13 626
14 1286
14 96
14 61
14 1196
14 1161
14 826
14 187
14 1234
14 266
14 1291
14 150
28 163
28 327
28 287
27 361
21 181
21 120
21 191
21 861
21 200
21 52
21 256
21 202
21 1077
21 335
21 54
21 1280
21 159
21 236
21 166
21 68
21 102
21 228
21 852
21 1078
21 167
21 382
21 265
21 858
6 214
17 849
20 1262
20 1231
20 996
20 1127
20 123
20 1134
20 999
20 1108
15 779
15 774
15 44
15 447
15 799
15 221
15 777
19 445
12 305
12 264
12 677
12 103
12 62
12 73
12 72
12 140
12 927
10 1211
1 860
1 775
1 165
1 326
169 1149
305 264
305 677
305 103
305 62
305 73
305 72
305 140
305 927
64 883
64 115
64 831
240 484
240 510
240 503
240 531
240 1047
240 1122
240 439
240 230
240 1034
240 530
240 55
240 918
240 512
240 537
240 476
240 478
240 341
240 823
240 513
240 41
240 497
240 111
240 371
240 540
240 499
240 520
240 532
240 543
240 990
240 970
240 324
240 552
240 571
240 910
240 579
240 1172
240 906
240 667
240 381
240 198
240 401
240 506
240 974
240 220
240 500
240 316
240 490
240 785
297 92
216 824
216 295
303 850
303 648
303 709
52 181
52 120
52 191
52 861
52 200
52 256
52 202
52 1077
52 335
52 54
52 1280
52 159
52 236
52 166
52 68
52 102
52 228
52 852
52 1078
52 167
52 382
52 265
52 858
260 1119
260 1067
260 1055
260 1040
260 1042
260 1012
260 1252
260 1157
260 890
260 1129
260 1085
260 922
260 921
260 949
260 1193
260 1110
260 825
55 484
55 510
55 503
55 531
55 1047
55 1122
55 439
55 230
55 1034
55 530
55 918
55 512
55 537
55 476
55 478
55 341
55 823
55 513
55 41
55 497
55 111
55 371
55 540
55 499
55 520
55 532
55 543
55 990
55 970
55 324
55 552
55 571
55 910
55 579
55 1172
55 906
55 667
55 381
55 198
55 401
55 506
55 974
55 220
55 500
55 316
55 490
55 785
121 314
121 1124
121 1188
121 209
121 355
121 33
121 300
121 132
121 1261
121 961
121 86
121 154
264 677
264 103
264 62
264 73
264 72
264 140
264 927
283 50
283 1256
181 120
181 191
181 861
181 200
181 256
181 202
181 1077
181 335
181 54
181 1280
181 159
181 236
181 166
181 68
181 102
181 228
181 852
181 1078
181 167
181 382
181 265
181 858
181 116
181 152
181 129
331 1271
331 492
331 474
331 88
331 517
331 533
331 1201
331 37
331 563
331 109
331 219
331 100
75 1069
75 845
75 594
75 298
75 955
100 1271
100 492
100 474
100 88
100 517
100 533
100 1201
100 37
100 563
100 109
100 219
321 769
111 484
111 510
111 503
111 531
111 1047
111 1122
111 439
111 230
111 1034
111 530
111 918
111 512
111 537
111 476
111 478
111 341
111 823
111 513
111 41
111 497
111 371
111 540
111 499
111 520
111 532
111 543
111 990
111 970
111 324
111 552
111 571
111 910
111 579
111 1172
111 906
111 667
111 381
111 198
111 401
111 506
111 974
111 220
111 500
111 316
111 490
111 785
175 232
175 1269
175 280
175 1001
175 620
175 395
175 1158
175 1031
175 238
175 1107
175 139
175 776
175 899
175 1257
90 234
90 289
90 149
90 174
90 292
90 416
90 63
90 35
90 399
165 860
165 775
165 326
162 336
88 1271
88 492
88 474
88 517
88 533
88 1201
88 37
88 563
88 109
88 219
112 261
112 369
112 224
112 432
112 226
112 383
250 793
250 1215
250 846
115 883
115 831
222 714
164 1112
164 752
164 338
164 1030
164 413
164 142
164 1288
164 350
270 271
270 410
270 428
270 1109
270 663
270 213
270 339
270 388
270 400
270 414
270 948
270 107
270 443
270 362
270 352
270 309
136 429
136 455
136 375
136 464
136 431
136 141
251 710
251 730
251 844
251 114
166 120
166 191
166 861
166 200
166 256
166 202
166 1077
166 335
166 54
166 1280
166 159
166 236
166 68
166 102
166 228
166 852
166 1078
166 167
166 382
166 265
166 858
123 1262
123 1231
123 996
123 1127
123 1134
123 999
123 1108
95 81
95 291
95 418
95 301
95 404
95 203
95 359
319 1156
147 207
147 786
147 836
147 436
147 569
147 229
147 156
338 1112
338 752
338 1030
338 413
338 142
338 1288
338 350
146 1229
203 81
203 291
203 418
203 301
203 404
203 359
300 314
300 1124
300 1188
300 209
300 355
300 33
300 132
300 1261
300 961
300 86
300 154
291 81
291 418
291 301
291 404
291 359
255 1104
265 120
265 191
265 861
265 200
265 256
265 202
265 1077
265 335
265 54
265 1280
265 159
265 236
265 68
265 102
265 228
265 852
265 1078
265 167
265 382
265 858
307 148
307 829
307 830
307 189
307 819
307 817
213 271
213 410
213 428
213 1109
213 663
213 339
213 388
213 400
213 414
213 948
213 107
213 443
213 362
213 352
213 309
234 289
234 149
234 174
234 292
234 416
234 63
234 35
234 399
149 289
149 174
149 292
149 416
149 63
149 35
149 399
224 193
224 261
224 369
224 432
224 226
224 383
289 174
289 292
289 416
289 63
289 35
289 399
223 1226
223 1222
223 1036
223 1135
223 1093
223 1195
223 745
223 241
65 51
335 120
335 191
335 861
335 200
335 256
335 202
335 1077
335 54
335 1280
335 159
335 236
335 68
335 102
335 228
335 852
335 1078
335 167
335 382
335 858
134 868
134 74
134 675
134 281
134 85
134 212
134 725
134 722
134 438
134 976
134 366
134 118
134 94
134 1244
134 206
54 120
54 191
54 861
54 200
54 256
54 202
54 1077
54 1280
54 159
54 236
54 68
54 102
54 228
54 852
54 1078
54 167
54 382
54 858
150 1286
150 96
150 61
150 1196
150 1161
150 826
150 187
150 1234
150 266
150 1291
50 1256
227 688
327 412
327 163
327 287
129 116
129 152
202 120
202 191
202 861
202 200
202 256
202 1077
202 1280
202 159
202 236
202 68
202 102
202 228
202 852
202 1078
202 167
202 382
202 858
159 120
159 191
159 861
159 200
159 256
159 1077
159 1280
159 236
159 68
159 102
159 228
159 852
159 1078
159 167
159 382
159 858
220 484
220 510
220 503
220 531
220 1047
220 1122
220 439
220 230
220 1034
220 530
220 918
220 512
220 537
220 476
220 478
220 341
220 823
220 513
220 41
220 497
220 371
220 540
220 499
220 520
220 532
220 543
220 990
220 970
220 324
220 552
220 571
220 910
220 579
220 1172
220 906
220 667
220 381
220 198
220 401
220 506
220 974
220 500
220 316
220 490
220 785
81 418
81 301
81 404
81 359
287 163
74 868
74 675
74 281
74 85
74 212
74 725
74 722
74 438
74 976
74 366
74 118
74 94
74 1244
74 206
85 868
85 675
85 281
85 212
85 725
85 722
85 438
85 976
85 366
85 118
85 94
85 1244
85 206
107 271
107 410
107 428
107 1109
107 663
107 339
107 388
107 400
107 414
107 948
107 443
107 362
107 352
107 309
275 698
236 120
236 191
236 861
236 200
236 256
236 1077
236 1280
236 68
236 102
236 228
236 852
236 1078
236 167
236 382
236 858
281 868
281 675
281 212
281 725
281 722
281 438
281 976
281 366
281 118
281 94
281 1244
281 206
328 387
328 365
63 174
63 292
63 416
63 35
63 399
68 120
68 191
68 861
68 200
68 256
68 1077
68 1280
68 102
68 228
68 852
68 1078
68 167
68 382
68 858
186 1075
186 1046
233 190
233 1103
233 77
233 153
148 829
148 830
148 189
148 819
148 817
60 284
288 39
212 868
212 675
212 725
212 722
212 438
212 976
212 366
212 118
212 94
212 1244
212 206
200 120
200 191
200 861
200 256
200 1077
200 1280
200 102
200 228
200 852
200 1078
200 167
200 382
200 858
151 1284
102 120
102 191
102 861
102 256
102 1077
102 1280
102 228
102 852
102 1078
102 167
102 382
102 858
103 677
103 62
103 73
103 72
103 140
103 927
286 913
286 1151
286 766
295 824
226 261
226 369
226 432
226 383
120 191
120 861
120 256
120 1077
120 1280
120 228
120 852
120 1078
120 167
120 382
120 858
219 1271
219 492
219 474
219 517
219 533
219 1201
219 37
219 563
219 109
187 1286
187 96
187 61
187 1196
187 1161
187 826
187 1234
187 266
187 1291
133 340
37 1271
37 492
37 474
37 517
37 533
37 1201
37 563
37 109
326 860
326 775
189 829
189 830
189 819
189 817
221 779
221 774
221 44
221 447
221 799
221 777
256 191
256 861
256 1077
256 1280
256 228
256 852
256 1078
256 167
256 382
256 858
53 870
232 1269
232 280
232 1001
232 620
232 395
232 1158
232 1031
232 238
232 1107
232 139
232 776
232 899
232 1257
329 680
329 35
86 314
86 1124
86 1188
86 209
86 355
86 33
86 132
86 1261
86 961
86 154
41 484
41 510
41 503
41 531
41 1047
41 1122
41 439
41 230
41 1034
41 530
41 918
41 512
41 537
41 476
41 478
41 341
41 823
41 513
41 497
41 371
41 540
41 499
41 520
41 532
41 543
41 990
41 970
41 324
41 552
41 571
41 910
41 579
41 1172
41 906
41 667
41 381
41 198
41 401
41 506
41 974
41 500
41 316
41 490
41 785
76 690
76 748
174 292
174 416
174 35
174 399
117 1184
179 525
179 557
179 475
179 1095
306 127
306 396
306 993
306 360
241 1226
241 1222
241 1036
241 1135
241 1093
241 1195
241 745
141 429
141 455
141 375
141 464
141 431
245 435
245 719
245 642
245 742
245 1187
61 1286
61 96
61 1196
61 1161
61 826
61 1234
61 266
61 1291
152 116
132 314
132 1124
132 1188
132 209
132 355
132 33
132 1261
132 961
132 154
122 1279
325 89
292 416
292 35
292 399
247 1155
316 484
316 510
316 503
316 531
316 1047
316 1122
316 439
316 230
316 1034
316 530
316 918
316 512
316 537
316 476
316 478
316 341
316 823
316 513
316 497
316 371
316 540
316 499
316 520
316 532
316 543
316 990
316 970
316 324
316 552
316 571
316 910
316 579
316 1172
316 906
316 667
316 381
316 198
316 401
316 506
316 974
316 500
316 490
316 785
178 483
178 508
178 917
178 422
178 518
178 566
296 732
231 1091
231 847
231 406
231 337
231 936
94 868
94 675
94 725
94 722
94 438
94 976
94 366
94 118
94 1244
94 206
206 868
206 675
206 725
206 722
206 438
206 976
206 366
206 118
206 1244
266 1286
266 96
266 1196
266 1161
266 826
266 1234
266 1291
309 271
309 410
309 428
309 1109
309 663
309 339
309 388
309 400
309 414
309 948
309 443
309 362
309 352
198 484
198 510
198 503
198 531
198 1047
198 1122
198 439
198 230
198 1034
198 530
198 918
198 512
198 537
198 476
198 478
198 341
198 823
198 513
198 497
198 371
198 540
198 499
198 520
198 532
198 543
198 990
198 970
198 324
198 552
198 571
198 910
198 579
198 1172
198 906
198 667
198 381
198 401
198 506
198 974
198 500
198 490
198 785
130 1245
238 1269
238 280
238 1001
238 620
238 395
238 1158
238 1031
238 1107
238 139
238 776
238 899
238 1257
72 677
72 62
72 73
72 140
72 927
140 677
140 62
140 73
140 927
337 1091
337 847
337 406
337 936
96 1286
96 1196
96 1161
96 826
96 1234
96 1291
314 1124
314 1188
314 209
314 355
314 33
314 1261
314 961
314 154
42 975
57 390
57 612
57 310
57 697
57 182
57 451
57 610
57 626
191 861
191 1077
191 1280
191 228
191 852
191 1078
191 167
191 382
191 858
142 1112
142 752
142 1030
142 413
142 1288
142 350
33 1124
33 1188
33 209
33 355
33 1261
33 961
33 154
229 207
229 786
229 836
229 436
229 569
229 156
207 786
207 836
207 436
207 569
207 156
118 868
118 675
118 725
118 722
118 438
118 976
118 366
118 1244
261 369
261 432
261 383
230 484
230 510
230 503
230 531
230 1047
230 1122
230 439
230 1034
230 530
230 918
230 512
230 537
230 476
230 478
230 341
230 823
230 513
230 497
230 371
230 540
230 499
230 520
230 532
230 543
230 990
230 970
230 324
230 552
230 571
230 910
230 579
230 1172
230 906
230 667
230 381
230 401
230 506
230 974
230 500
230 490
230 785
230 1245
310 390
310 612
310 697
310 182
310 451
310 610
310 626
77 190
77 1103
77 153
153 190
153 1103
271 410
271 428
271 1109
271 663
271 339
271 388
271 400
271 414
271 948
271 443
271 362
271 352
320 885
127 396
127 993
127 360
35 680
35 416
35 399
209 1124
209 1188
209 355
209 1261
209 961
209 154
182 390
182 612
182 697
182 451
182 610
182 626
131 1274
131 924
131 420
131 915
171 575
171 1044
44 779
44 774
44 447
44 799
44 777
190 1103
278 509
278 477
278 427
278 553
278 353
278 580
278 514
324 484
324 510
324 503
324 531
324 1047
324 1122
324 439
324 1034
324 530
324 918
324 512
324 537
324 476
324 478
324 341
324 823
324 513
324 497
324 371
324 540
324 499
324 520
324 532
324 543
324 990
324 970
324 552
324 571
324 910
324 579
324 1172
324 906
324 667
324 381
324 401
324 506
324 974
324 500
324 490
324 785
156 786
156 836
156 436
156 569
154 1124
154 1188
154 355
154 1261
154 961
228 861
228 1077
228 1280
228 852
228 1078
228 167
228 382
228 858
280 1269
280 1001
280 620
280 395
280 1158
280 1031
280 1107
280 139
280 776
280 899
280 1257
180 411
114 710
114 730
114 844
109 1271
109 492
109 474
109 517
109 533
109 1201
109 563
301 418
301 404
301 359
62 677
62 73
62 927
73 677
73 927
298 1069
298 845
298 594
298 955
139 1269
139 1001
139 620
139 395
139 1158
139 1031
139 1107
139 776
139 899
139 1257
167 861
167 1077
167 1280
167 852
167 1078
167 382
167 858
413 1112
413 752
413 1030
413 1288
413 350
350 1112
350 752
350 1030
350 1288
359 418
359 404
404 418
342 392
342 505
342 1204
414 410
414 428
414 1109
414 663
414 339
414 388
414 400
414 948
414 443
414 362
414 352
367 434
355 1124
355 1188
355 1261
355 961
410 428
410 1109
410 663
410 339
410 388
410 400
410 948
410 443
410 362
410 352
416 399
401 484
401 510
401 503
401 531
401 1047
401 1122
401 439
401 1034
401 530
401 918
401 512
401 537
401 476
401 478
401 341
401 823
401 513
401 497
401 371
401 540
401 499
401 520
401 532
401 543
401 990
401 970
401 552
401 571
401 910
401 579
401 1172
401 906
401 667
401 381
401 506
401 974
401 500
401 490
401 785
425 625
425 343
369 432
369 383
435 719
435 642
435 742
435 1187
400 428
400 1109
400 663
400 339
400 388
400 948
400 443
400 362
400 352
395 1269
395 1001
395 620
395 1158
395 1031
395 1107
395 776
395 899
395 1257
379 385
381 484
381 510
381 503
381 531
381 1047
381 1122
381 439
381 1034
381 530
381 918
381 512
381 537
381 476
381 478
381 341
381 823
381 513
381 497
381 371
381 540
381 499
381 520
381 532
381 543
381 990
381 970
381 552
381 571
381 910
381 579
381 1172
381 906
381 667
381 506
381 974
381 500
381 490
381 785
348 978
430 821
406 1091
406 847
406 936
341 484
341 510
341 503
341 531
341 1047
341 1122
341 439
341 1034
341 530
341 918
341 512
341 537
341 476
341 478
341 823
341 513
341 497
341 371
341 540
341 499
341 520
341 532
341 543
341 990
341 970
341 552
341 571
341 910
341 579
341 1172
341 906
341 667
341 506
341 974
341 500
341 490
341 785
373 378
383 432
420 1274
420 924
420 915
388 428
388 1109
388 663
388 339
388 948
388 443
388 362
388 352
353 509
353 477
353 427
353 553
353 580
353 514
352 428
352 1109
352 663
352 339
352 948
352 443
352 362
415 867
415 928
387 365
360 396
360 993
343 625
380 351
380 1101
380 782
380 768
380 842
380 800
407 376
426 717
426 659
426 700
426 734
438 868
438 675
438 725
438 722
438 976
438 366
438 1244
371 484
371 510
371 503
371 531
371 1047
371 1122
371 439
371 1034
371 530
371 918
371 512
371 537
371 476
371 478
371 823
371 513
371 497
371 540
371 499
371 520
371 532
371 543
371 990
371 970
371 552
371 571
371 910
371 579
371 1172
371 906
371 667
371 506
371 974
371 500
371 490
371 785
351 1101
351 782
351 768
351 842
351 800
428 1109
428 663
428 339
428 948
428 443
428 362
396 993
375 429
375 455
375 464
375 431
392 505
392 1204
382 861
382 1077
382 1280
382 852
382 1078
382 858
339 1109
339 663
339 948
339 443
339 362
439 484
439 510
439 503
439 531
439 1047
439 1122
439 1034
439 530
439 918
439 512
439 537
439 476
439 478
439 823
439 513
439 497
439 540
439 499
439 520
439 532
439 543
439 990
439 970
439 552
439 571
439 910
439 579
439 1172
439 906
439 667
439 506
439 974
439 500
439 490
439 785
422 483
422 508
422 917
422 518
422 566
366 868
366 675
366 725
366 722
366 976
366 1244
429 455
429 464
429 431
436 786
436 836
436 569
427 509
427 477
427 553
427 580
427 514
443 1109
443 663
443 948
443 362
362 1109
362 663
362 948
390 612
390 697
390 451
390 610
390 626
374 1267
374 1098
374 1048
431 455
431 464
455 464
447 779
447 774
447 799
447 777
451 612
451 697
451 610
451 626
448 1249
448 749
471 1128
505 1204
510 484
510 503
510 531
510 1047
510 1122
510 1034
510 530
510 918
510 512
510 537
510 476
510 478
510 823
510 513
510 497
510 540
510 499
510 520
510 532
510 543
510 990
510 970
510 552
510 571
510 910
510 579
510 1172
510 906
510 667
510 506
510 974
510 500
510 490
510 785
476 484
476 503
476 531
476 1047
476 1122
476 1034
476 530
476 918
476 512
476 537
476 478
476 823
476 513
476 497
476 540
476 499
476 520
476 532
476 543
476 990
476 970
476 552
476 571
476 910
476 579
476 1172
476 906
476 667
476 506
476 974
476 500
476 490
476 785
531 484
531 503
531 1047
531 1122
531 1034
531 530
531 918
531 512
531 537
531 478
531 823
531 513
531 497
531 540
531 499
531 520
531 532
531 543
531 990
531 970
531 552
531 571
531 910
531 579
531 1172
531 906
531 667
531 506
531 974
531 500
531 490
531 785
478 484
478 503
478 1047
478 1122
478 1034
478 530
478 918
478 512
478 537
478 823
478 513
478 497
478 540
478 499
478 520
478 532
478 543
478 990
478 970
478 552
478 571
478 910
478 579
478 1172
478 906
478 667
478 506
478 974
478 500
478 490
478 785
513 484
513 503
513 1047
513 1122
513 1034
513 530
513 918
513 512
513 537
513 823
513 497
513 540
513 499
513 520
513 532
513 543
513 990
513 970
513 552
513 571
513 910
513 579
513 1172
513 906
513 667
513 506
513 974
513 500
513 490
513 785
564 1273
499 484
499 503
499 1047
499 1122
499 1034
499 530
499 918
499 512
499 537
499 823
499 497
499 540
499 520
499 532
499 543
499 990
499 970
499 552
499 571
499 910
499 579
499 1172
499 906
499 667
499 506
499 974
499 500
499 490
499 785
536 1000
536 882
536 1163
536 889
515 502
532 484
532 503
532 1047
532 1122
532 1034
532 530
532 918
532 512
532 537
532 823
532 497
532 540
532 520
532 543
532 990
532 970
532 552
532 571
532 910
532 579
532 1172
532 906
532 667
532 506
532 974
532 500
532 490
532 785
533 1271
533 492
533 474
533 517
533 1201
533 563
550 527
557 525
557 475
557 1095
509 477
509 553
509 580
509 514
518 483
518 508
518 917
518 566
563 1271
563 492
563 474
563 517
563 1201
500 484
500 503
500 1047
500 1122
500 1034
500 530
500 918
500 512
500 537
500 823
500 497
500 540
500 520
500 543
500 990
500 970
500 552
500 571
500 910
500 579
500 1172
500 906
500 667
500 506
500 974
500 490
500 785
492 1271
492 474
492 517
492 1201
508 483
508 917
508 566
514 477
514 553
514 580
576 1057
552 484
552 503
552 1047
552 1122
552 1034
552 530
552 918
552 512
552 537
552 823
552 497
552 540
552 520
552 543
552 990
552 970
552 571
552 910
552 579
552 1172
552 906
552 667
552 506
552 974
552 490
552 785
489 539
562 488
537 484
537 503
537 1047
537 1122
537 1034
537 530
537 918
537 512
537 823
537 497
537 540
537 520
537 543
537 990
537 970
537 571
537 910
537 579
537 1172
537 906
537 667
537 506
537 974
537 490
537 785
474 1271
474 517
474 1201
543 484
543 503
543 1047
543 1122
543 1034
543 530
543 918
543 512
543 823
543 497
543 540
543 520
543 990
543 970
543 571
543 910
543 579
543 1172
543 906
543 667
543 506
543 974
543 490
543 785
569 786
569 836
477 553
477 580
484 503
484 1047
484 1122
484 1034
484 530
484 918
484 512
484 823
484 497
484 540
484 520
484 990
484 970
484 571
484 910
484 579
484 1172
484 906
484 667
484 506
484 974
484 490
484 785
503 1047
503 1122
503 1034
503 530
503 918
503 512
503 823
503 497
503 540
503 520
503 990
503 970
503 571
503 910
503 579
503 1172
503 906
503 667
503 506
503 974
503 490
503 785
516 547
512 1047
512 1122
512 1034
512 530
512 918
512 823
512 497
512 540
512 520
512 990
512 970
512 571
512 910
512 579
512 1172
512 906
512 667
512 506
512 974
512 490
512 785
571 1047
571 1122
571 1034
571 530
571 918
571 823
571 497
571 540
571 520
571 990
571 970
571 910
571 579
571 1172
571 906
571 667
571 506
571 974
571 490
571 785
525 475
525 1095
540 1047
540 1122
540 1034
540 530
540 918
540 823
540 497
540 520
540 990
540 970
540 910
540 579
540 1172
540 906
540 667
540 506
540 974
540 490
540 785
483 917
483 566
530 1047
530 1122
530 1034
530 918
530 823
530 497
530 520
530 990
530 970
530 910
530 579
530 1172
530 906
530 667
530 506
530 974
530 490
530 785
553 580
497 1047
497 1122
497 1034
497 918
497 823
497 520
497 990
497 970
497 910
497 579
497 1172
497 906
497 667
497 506
497 974
497 490
497 785
566 917
520 1047
520 1122
520 1034
520 918
520 823
520 990
520 970
520 910
520 579
520 1172
520 906
520 667
520 506
520 974
520 490
520 785
475 1095
575 1044
579 1047
579 1122
579 1034
579 918
579 823
579 990
579 970
579 910
579 1172
579 906
579 667
579 506
579 974
579 490
579 785
506 1047
506 1122
506 1034
506 918
506 823
506 990
506 970
506 910
506 1172
506 906
506 667
506 974
506 490
506 785
517 1271
517 1201
490 1047
490 1122
490 1034
490 918
490 823
490 990
490 970
490 910
490 1172
490 906
490 667
490 974
490 785
583 750
583 587
587 588
587 750
623 598
610 612
610 697
610 626
738 703
667 1047
667 1122
667 1034
667 918
667 823
667 990
667 970
667 910
667 1172
667 906
667 974
667 785
663 1109
663 948
718 617
718 705
700 659
700 734
659 734
752 1112
752 1030
752 1288
733 1022
733 729
733 760
631 664
676 651
676 707
676 764
676 744
676 629
676 697
748 690
612 697
612 626
599 880
599 1081
614 735
707 651
707 764
707 744
707 629
707 697
764 651
764 744
764 629
764 697
744 651
744 629
744 697
670 873
749 1249
705 617
737 952
737 1130
633 1060
633 1063
594 1069
594 845
594 955
722 868
722 675
722 725
722 976
722 1244
719 642
719 742
719 1187
697 651
697 629
697 626
768 1101
768 782
768 842
768 800
739 833
739 1169
648 850
648 709
638 888
638 898
638 1144
638 1287
638 805
638 1180
638 634
684 931
729 1022
729 760
766 913
766 1151
642 742
642 1187
634 888
634 898
634 1144
634 1287
634 805
634 1180
710 730
710 844
651 629
730 844
677 927
620 1269
620 1001
620 1158
620 1031
620 1107
620 776
620 899
620 1257
742 1187
685 1009
685 979
685 1160
685 911
685 919
709 850
675 868
675 725
675 976
675 1244
760 1022
725 868
725 976
725 1244
745 1226
745 1222
745 1036
745 1135
745 1093
745 1195
778 992
774 779
774 799
774 777
776 1269
776 1001
776 1158
776 1031
776 1107
776 899
776 1257
779 799
779 777
777 799
775 860
793 1215
793 846
782 1101
782 842
782 800
786 836
785 1047
785 1122
785 1034
785 918
785 823
785 990
785 970
785 910
785 1172
785 906
785 974
802 1237
800 1101
800 842
809 872
805 888
805 898
805 1144
805 1287
805 1180
847 1091
847 936
829 830
829 819
829 817
831 883
826 1286
826 1196
826 1161
826 1234
826 1291
830 819
830 817
823 1047
823 1122
823 1034
823 918
823 990
823 970
823 910
823 1172
823 906
823 974
819 817
835 876
835 839
835 1251
835 941
839 876
839 1251
839 941
825 1119
825 1067
825 1055
825 1040
825 1042
825 1012
825 1252
825 1157
825 890
825 1129
825 1085
825 922
825 921
825 949
825 1193
825 1110
833 1169
846 1215
816 1094
845 1069
845 955
842 1101
832 1221
852 861
852 1077
852 1280
852 1078
852 858
861 1077
861 1280
861 1078
861 858
858 1077
858 1280
858 1078
867 928
1159 1235
1176 982
1261 1124
1261 1188
1261 961
919 1009
919 979
919 1160
919 911
1269 1001
1269 1158
1269 1031
1269 1107
1269 899
1269 1257
880 1081
899 1001
899 1158
899 1031
899 1107
899 1257
1012 1119
1012 1067
1012 1055
1012 1040
1012 1042
1012 1252
1012 1157
1012 890
1012 1129
1012 1085
1012 922
1012 921
1012 949
1012 1193
1012 1110
1009 979
1009 1160
1009 911
1164 946
1276 1219
1276 926
1276 1066
1263 980
1222 1226
1222 1036
1222 1135
1222 1093
1222 1195
1226 1036
1226 1135
1226 1093
1226 1195
1135 1036
1135 1093
1135 1195
910 1047
910 1122
910 1034
910 918
910 990
910 970
910 1172
910 906
910 974
979 1160
979 911
1271 1201
954 1076
954 923
1186 1243
1031 1001
1031 1158
1031 1107
1031 1257
1288 1112
1288 1030
1030 1112
1097 1220
961 1124
961 1188
1060 1063
888 898
888 1144
888 1287
888 1180
1161 1286
1161 1196
1161 1234
1161 1291
1225 1133
1244 868
1244 976
923 1076
1079 1182
1109 948
1077 1280
1077 1078
1127 1262
1127 1231
1127 996
1127 1134
1127 999
1127 1108
913 1151
904 1240
1129 1119
1129 1067
1129 1055
1129 1040
1129 1042
1129 1252
1129 1157
1129 890
1129 1085
1129 922
1129 921
1129 949
1129 1193
1129 1110
1107 1001
1107 1158
1107 1257
1286 1196
1286 1234
1286 1291
922 1119
922 1067
922 1055
922 1040
922 1042
922 1252
922 1157
922 890
922 1085
922 921
922 949
922 1193
922 1110
963 947
921 1119
921 1067
921 1055
921 1040
921 1042
921 1252
921 1157
921 890
921 1085
921 949
921 1193
921 1110
938 1061
1025 1183
1025 1232
1194 1039
1000 882
1000 1163
1000 889
1163 882
1163 889
1134 1262
1134 1231
1134 996
1134 999
1134 1108
1252 1119
1252 1067
1252 1055
1252 1040
1252 1042
1252 1157
1252 890
1252 1085
1252 949
1252 1193
1252 1110
1069 955
1285 925
1285 1199
1251 876
1251 941
1005 1006
1234 1196
1234 1291
1122 1047
1122 1034
1122 918
1122 990
1122 970
1122 1172
1122 906
1122 974
1124 1188
1274 924
1274 915
1144 898
1144 1287
1144 1180
1262 1231
1262 996
1262 999
1262 1108
890 1119
890 1067
890 1055
890 1040
890 1042
890 1157
890 1085
890 949
890 1193
890 1110
970 1047
970 1034
970 918
970 990
970 1172
970 906
970 974
1291 1196
1055 1119
1055 1067
1055 1040
1055 1042
1055 1157
1055 1085
1055 949
1055 1193
1055 1110
936 1091
1289 985
911 1160
929 1064
1157 1119
1157 1067
1157 1040
1157 1042
1157 1085
1157 949
1157 1193
1157 1110
1157 1233
1001 1158
1001 1257
1046 1075
968 1246
994 967
1106 1216
1106 984
1246 882
1216 984
941 876
1180 898
1180 1287
1232 1183
925 1199
889 882
1117 1167
1036 1093
1036 1195
1098 1267
1098 1048
1287 898
1048 1267
952 1130
1158 1257
976 868
1119 1067
1119 1040
1119 1042
1119 1085
1119 949
1119 1193
1119 1110
974 1047
974 1034
974 918
974 990
974 1172
974 906
1168 1125
1067 1040
1067 1042
1067 1085
1067 949
1067 1193
1067 1110
949 1040
949 1042
949 1085
949 1193
949 1110
1219 926
1219 1066
1034 1047
1034 918
1034 990
1034 1172
1034 906
1093 1195
926 1066
1108 1231
1108 996
1108 999
1110 1040
1110 1042
1110 1085
1110 1193
943 1141
1280 1078
1040 1042
1040 1085
1040 1193
1231 996
1231 999
1047 918
1047 990
1047 1172
1047 906
1193 1042
1193 1085
924 915
1085 1042
918 990
918 1172
918 906
996 999
990 1172
990 906
1172 906
